21,253,125,61,29,13,5,261,245,181,165,205,101,197,229,213,173,85,141,69,221,109,53,269,133,237,117,149,157,77,37,277,189,93,45
13,261,133,69,37,21,5,253,237,173,157,213,93,189,221,205,181,77,149,61,229,117,45,277,125,245,109,141,165,85,29,269,197,101,53
0,264,136,72,40,8,16,272,224,160,176,184,112,208,240,192,152,64,120,80,232,88,32,248,144,216,96,128,168,56,48,256,200,104,24
21,277,149,85,53,5,13,269,221,157,173,197,109,205,237,189,165,61,133,77,245,101,29,261,141,229,93,125,181,69,45,253,213,117,37
55,159,95,31,47,39,215,151,135,239,71,279,231,199,247,143,119,255,175,103,263,191,79,23,167,207,87,271,183,127,111,7,223,63,15
41,161,97,1,49,25,201,137,121,241,57,265,217,185,233,145,105,257,177,89,249,193,81,9,153,209,73,273,169,129,113,33,225,65,17
37,173,109,13,29,53,197,133,149,221,85,261,245,213,229,125,101,269,157,117,277,205,61,5,181,189,69,253,165,141,93,21,237,77,45
24,176,112,16,32,40,184,120,136,224,72,248,232,200,216,128,88,272,160,104,264,208,64,48,168,192,56,256,152,144,96,8,240,80,0
86,190,62,94,78,70,182,246,270,230,278,142,38,134,166,150,238,22,206,6,158,46,118,198,262,174,54,214,254,222,14,102,126,30,110
74,194,2,98,82,58,170,234,274,218,266,146,26,122,154,138,242,10,210,66,162,50,106,186,250,178,42,202,258,226,18,90,130,34,114
67,203,11,107,59,83,163,227,251,243,259,123,51,147,179,131,219,3,187,19,171,27,99,211,275,155,35,195,267,235,75,115,139,43,91
58,210,18,114,66,74,154,218,258,234,250,130,42,138,170,122,226,82,194,10,178,34,90,202,266,162,26,186,274,242,2,106,146,50,98
117,221,29,61,109,101,149,269,213,197,173,5,165,261,133,277,181,253,205,53,237,37,125,13,85,229,141,21,245,189,45,69,157,93,77
111,231,39,71,119,95,143,279,207,191,183,103,159,255,127,271,175,263,215,47,247,31,135,23,79,223,151,15,239,199,55,63,167,7,87
103,239,47,79,95,119,135,255,199,215,159,23,183,279,151,263,167,271,191,39,223,55,143,111,71,247,127,7,231,207,31,87,175,15,63
95,247,55,87,103,111,127,263,191,207,167,15,175,271,143,255,159,279,199,31,231,47,151,7,63,239,135,119,223,215,39,79,183,23,71
148,124,188,156,140,132,260,116,52,36,76,228,268,68,100,84,44,212,12,196,276,92,236,180,4,108,244,20,28,204,164,252,60,220,172
140,4,196,164,148,124,252,108,44,28,84,220,276,60,92,76,52,204,20,188,268,100,244,172,132,116,236,12,36,212,156,260,68,228,180
131,11,203,171,123,147,275,99,35,51,59,243,251,83,115,67,27,195,139,211,259,107,219,163,19,91,227,3,43,187,179,267,75,235,155
120,16,208,176,128,136,264,88,24,40,64,232,256,72,104,56,32,184,0,200,248,112,224,152,8,96,216,144,48,192,168,272,80,240,160
177,25,217,121,169,161,81,17,1,249,105,193,97,273,65,265,113,9,241,41,225,57,201,145,33,257,73,209,49,153,233,129,89,185,137
168,32,224,128,176,152,72,8,160,256,112,184,88,264,56,272,104,16,232,48,216,64,208,136,24,248,80,200,40,0,240,120,96,192,144
166,46,238,142,158,182,70,6,22,270,94,214,118,262,86,254,102,174,230,30,246,78,190,134,54,278,62,198,38,14,222,150,110,206,126
155,51,243,147,163,171,59,179,11,275,99,203,107,251,75,259,91,3,219,35,235,83,195,123,43,267,67,187,27,19,227,139,115,211,131
209,57,121,217,201,193,257,49,113,97,9,161,1,265,33,17,105,145,73,129,249,25,169,241,65,273,41,177,81,89,137,225,185,153,233
203,67,131,227,211,187,251,43,107,91,19,155,195,275,27,11,115,139,83,123,259,35,179,235,59,267,51,171,75,99,147,219,3,163,243
193,73,137,233,185,209,273,33,97,113,201,177,17,249,49,1,89,129,57,145,265,41,153,225,81,257,25,161,65,105,121,241,9,169,217
187,83,147,243,195,203,267,27,91,107,3,171,11,259,43,211,99,123,67,139,275,51,163,219,75,251,35,155,59,115,131,235,19,179,227
242,90,154,186,234,226,258,274,266,18,82,66,42,130,34,2,50,74,178,106,162,218,138,210,98,250,10,146,114,58,170,194,26,122,202
238,102,166,198,246,222,254,270,278,14,78,62,54,126,30,230,46,86,174,118,158,6,150,206,94,262,22,142,110,70,182,190,38,134,214
231,111,175,207,223,247,279,263,255,7,71,87,31,151,55,23,39,63,167,95,183,15,127,199,119,271,239,135,103,79,159,215,47,143,191
221,117,181,213,229,237,269,253,261,245,61,77,37,141,45,13,29,69,157,101,173,21,133,189,109,277,5,125,93,85,165,205,53,149,197
274,250,266,258,2,130,194,226,242,234,106,74,82,154,50,138,98,178,202,114,170,90,26,34,146,186,10,66,162,210,218,42,58,18,122
271,7,279,255,263,127,191,223,239,247,119,87,79,167,47,151,95,175,215,111,183,103,39,31,143,199,23,63,159,207,231,55,71,15,135
257,9,249,273,17,145,209,241,225,217,89,57,65,169,33,121,113,161,185,97,153,105,41,49,129,201,265,81,177,193,233,25,73,1,137
250,18,258,266,10,138,202,234,218,226,98,66,58,178,26,130,106,154,194,90,162,114,50,42,122,210,2,74,170,186,242,34,82,274,146
30,254,38,166,230,198,214,206,78,110,118,126,22,174,70,150,238,86,142,62,6,182,222,278,46,102,134,246,190,14,94,262,54,158,270
33,257,25,153,217,185,201,209,81,113,105,129,9,177,57,137,241,73,145,65,1,169,225,265,49,89,121,233,193,17,97,249,41,161,273
42,266,50,178,242,210,194,186,58,90,98,138,2,154,82,130,218,66,122,74,10,18,162,234,258,26,114,146,226,202,106,274,34,170,250
54,278,46,174,238,206,190,198,70,102,94,150,166,78,126,230,62,134,86,22,14,158,246,254,38,110,142,222,214,6,118,270,30,182,262
56,248,64,192,128,160,176,168,40,8,16,216,112,200,32,240,136,48,232,24,272,88,256,96,208,120,72,0,224,144,152,104,264,80,184
64,256,56,184,120,152,168,176,48,16,8,224,104,208,24,232,144,40,240,32,264,96,248,88,200,128,80,216,136,160,112,0,272,72,192
77,269,85,213,149,181,165,157,29,5,237,101,189,53,229,125,37,221,45,261,109,277,117,197,141,61,21,245,133,173,93,13,253,69,205
81,273,73,201,137,169,153,161,33,1,241,89,193,41,217,129,25,225,49,249,113,265,105,185,145,65,9,233,121,177,97,17,257,57,209
95,103,231,167,135,151,143,15,47,55,191,263,87,239,7,215,175,23,207,63,71,247,159,271,111,39,199,183,127,279,79,31,119,223,255
103,95,223,159,127,143,151,23,55,47,199,255,79,247,207,183,15,215,7,71,63,239,167,279,119,31,191,175,135,271,87,39,111,231,263
106,114,242,178,146,130,122,26,34,202,274,66,218,18,194,154,2,186,10,74,82,226,170,250,90,50,210,162,138,258,58,42,98,234,266
115,107,235,171,139,123,131,3,35,27,211,267,59,227,11,187,163,195,19,83,75,219,179,259,99,43,203,155,147,251,67,51,91,243,275
121,249,129,1,65,97,113,105,233,201,209,25,177,9,225,49,73,241,41,217,153,265,161,17,57,137,257,193,33,81,89,169,273,185,145
128,256,120,56,88,104,112,240,208,200,32,168,16,216,40,80,232,48,224,160,272,152,8,64,144,248,184,24,72,96,176,264,192,136,0
136,264,144,16,80,112,96,88,216,184,192,40,160,240,32,56,224,24,232,168,248,176,0,72,120,272,208,48,64,104,152,256,200,128,8
150,278,142,14,78,110,94,102,230,198,190,54,158,6,238,30,70,222,38,246,182,262,174,86,134,270,206,46,62,118,166,254,214,126,22
158,166,38,102,70,86,78,206,278,238,262,246,150,46,198,22,110,214,14,190,270,126,134,54,94,174,230,6,118,62,142,222,254,182,30
167,159,31,95,63,79,87,215,271,247,255,239,7,143,55,191,15,119,207,23,199,279,135,127,47,103,183,223,111,71,151,231,263,175,39
170,178,50,114,82,66,58,186,258,218,274,226,10,130,26,210,2,90,194,202,250,138,146,34,106,154,242,18,98,74,122,234,266,162,42
181,173,45,109,77,61,69,197,253,229,269,221,21,125,37,205,101,189,5,213,261,149,141,29,117,165,237,13,93,85,133,245,277,157,53
190,198,70,6,38,54,46,174,142,150,94,270,246,78,262,166,118,14,182,110,278,158,222,230,86,206,134,102,22,30,238,126,214,62,254
195,187,59,27,43,51,179,147,139,99,275,235,83,251,155,107,19,171,115,267,163,227,219,75,3,211,123,91,11,35,243,131,203,67,259
202,210,82,18,50,34,26,154,122,130,106,250,226,58,274,178,98,162,90,258,170,234,242,66,10,186,146,114,2,42,218,138,194,74,266
208,200,72,8,40,24,32,160,128,120,112,256,216,64,264,168,88,0,152,96,248,176,240,232,56,16,192,136,104,48,224,144,184,80,272
223,231,103,39,7,23,15,279,143,175,183,63,215,111,135,87,47,263,151,79,127,191,199,119,31,255,239,167,71,55,271,207,159,247,95
230,222,94,30,14,22,270,150,182,174,70,206,118,126,78,54,254,142,86,134,198,190,110,38,262,246,158,62,46,6,278,214,166,238,102
235,243,115,51,19,3,259,123,155,163,75,195,91,147,67,27,275,131,59,139,203,211,99,43,267,219,179,83,35,11,251,187,171,227,107
246,238,110,46,14,6,254,134,166,158,86,190,102,142,62,38,270,126,70,150,214,206,94,54,278,230,174,78,30,22,262,198,182,222,118
18,170,82,154,74,34,226,274,234,114,162,242,266,130,194,258,202,98,218,106,50,178,146,138,66,210,250,122,58,26,10,2,186,90,42
9,177,73,161,81,25,217,265,241,105,153,233,273,121,185,249,209,89,225,113,41,169,137,145,57,201,257,129,65,33,17,1,193,97,49
2,154,66,170,58,50,242,258,218,98,178,226,250,146,210,274,186,114,234,90,34,162,130,122,82,194,266,138,74,42,10,18,202,106,26
18,162,58,178,66,42,234,250,226,90,170,218,258,138,202,266,194,106,242,98,26,154,122,130,74,186,274,146,82,50,2,10,210,114,34
50,138,114,122,106,2,194,202,82,130,274,210,162,258,226,234,66,186,74,18,146,266,178,250,170,98,242,154,90,26,42,34,218,58,10
40,144,104,128,112,32,184,208,72,120,264,200,152,248,216,240,56,192,80,8,136,272,168,256,176,88,232,160,96,0,48,24,224,64,16
39,127,103,143,95,23,215,191,71,151,263,199,183,279,247,223,87,207,63,7,135,255,167,271,159,119,231,175,111,15,31,55,239,79,47
25,129,89,145,97,9,201,193,57,137,249,185,169,265,233,225,73,209,65,49,121,257,153,273,161,105,217,177,113,17,33,41,241,81,1
86,238,22,254,222,14,102,166,174,54,270,230,182,198,134,142,38,278,158,46,118,246,214,206,6,262,150,190,62,94,78,70,126,30,110
75,243,11,259,227,19,91,155,179,43,275,219,171,187,123,147,27,267,163,51,107,235,203,211,67,251,139,195,3,99,83,59,131,35,115
71,223,7,271,239,79,119,183,159,39,255,247,167,215,151,127,55,263,175,31,103,231,199,191,23,279,135,207,15,111,63,87,143,47,95
56,224,80,272,240,0,104,168,160,24,256,232,152,200,136,128,40,248,176,32,88,216,184,192,8,264,120,208,16,112,64,72,144,48,96
117,253,205,53,189,45,69,277,133,141,21,197,149,229,165,173,5,125,13,85,269,213,245,237,37,181,221,29,61,109,101,261,157,93,77
104,256,208,40,192,48,56,264,120,144,8,184,136,216,152,176,96,128,16,72,272,200,232,240,24,168,224,32,64,112,88,248,160,0,80
103,271,191,39,207,31,87,263,151,127,7,215,135,247,183,159,23,143,111,71,255,199,231,223,55,167,239,47,79,95,119,279,175,15,63
95,279,199,31,215,39,79,255,143,135,119,207,127,239,175,167,15,151,7,63,263,191,223,231,47,159,247,55,87,103,111,271,183,23,71
150,46,214,30,206,166,102,110,246,38,118,6,270,70,278,78,230,94,238,182,54,22,14,198,262,86,126,190,158,142,134,254,62,222,174
137,49,201,33,209,153,89,113,233,25,105,129,273,57,265,81,217,97,241,169,41,9,17,185,249,73,1,193,161,145,121,257,65,225,177
132,28,196,44,188,180,116,92,228,52,100,20,252,84,260,60,244,108,220,164,36,4,140,212,276,68,12,204,172,124,148,268,76,236,156
122,34,186,50,194,170,106,98,218,42,90,10,258,74,250,66,234,114,226,154,26,146,2,202,266,58,18,210,178,130,138,274,82,242,162
181,13,245,157,237,133,69,77,213,5,85,37,101,253,109,197,61,205,149,21,53,45,229,261,277,269,117,29,221,125,173,165,93,189,141
174,22,238,6,246,126,62,86,206,166,78,30,94,262,118,190,70,214,142,14,46,54,222,254,270,278,110,38,230,134,182,158,102,198,150
166,174,230,14,222,150,86,62,198,22,70,54,118,270,94,214,78,190,134,6,38,30,246,278,262,254,102,46,238,142,158,182,110,206,126
155,3,219,19,227,139,75,67,187,11,59,43,107,275,99,203,83,195,123,179,27,35,235,267,251,259,91,51,243,147,163,171,115,211,131
209,105,145,89,137,225,265,33,41,177,97,49,65,1,9,161,249,25,169,241,113,81,73,129,257,17,57,121,217,201,193,273,185,153,233
205,117,141,101,149,221,277,29,53,173,93,45,61,197,21,157,261,37,181,237,109,77,85,125,253,13,69,133,229,213,189,269,5,165,245
195,91,131,107,123,243,251,51,27,163,115,35,83,19,203,179,267,43,155,227,99,67,59,147,275,3,75,139,235,187,211,259,11,171,219
187,99,123,115,131,235,259,43,35,155,107,27,75,11,3,171,275,51,163,219,91,59,67,139,267,211,83,147,243,195,203,251,19,179,227
245,77,181,61,173,197,5,253,13,149,69,269,21,101,277,37,261,45,133,221,141,213,85,117,109,165,53,93,157,189,237,229,29,125,205
235,83,171,67,179,187,227,259,19,139,59,275,11,91,267,27,251,51,123,3,147,203,75,107,115,155,43,99,163,195,243,219,35,131,211
230,62,166,78,158,214,22,270,238,134,86,254,6,118,262,54,278,30,150,14,126,198,70,102,94,182,38,110,174,206,222,246,46,142,190
219,67,155,83,163,203,11,275,3,123,75,259,243,107,251,43,267,35,139,19,131,187,59,91,99,171,27,115,179,211,227,235,51,147,195
276,92,60,116,204,20,220,76,52,236,12,36,244,140,4,228,148,156,84,188,108,44,28,68,196,132,164,180,172,252,268,260,100,212,124
264,96,64,104,208,8,224,80,40,240,16,24,232,144,256,216,136,160,72,192,112,48,32,56,184,120,152,168,176,0,272,248,88,200,128
261,109,77,101,189,5,237,61,37,221,269,53,229,125,21,245,133,173,69,205,93,29,45,85,213,149,181,165,157,13,253,277,117,197,141
249,113,81,89,193,273,241,65,25,225,1,41,217,129,9,233,121,177,57,209,97,33,49,73,201,137,169,153,161,17,257,265,105,185,145
59,91,259,83,235,51,187,107,19,203,43,3,211,171,35,195,179,123,115,219,275,75,11,99,227,163,131,147,139,27,251,67,243,155,267
67,99,251,75,243,43,195,115,11,211,51,203,179,27,187,171,131,107,227,267,83,19,3,91,219,155,123,139,147,35,259,59,235,163,275
76,108,276,68,220,36,204,92,4,188,28,20,196,156,52,212,164,140,100,236,260,60,12,116,244,180,148,132,124,44,268,84,228,172,252
85,117,269,61,229,29,213,101,197,37,13,189,165,45,205,157,149,93,245,253,69,5,21,109,237,173,141,125,133,53,277,77,221,181,261
30,278,270,54,142,86,158,14,118,174,78,102,182,206,70,166,214,222,22,126,46,110,94,262,6,134,198,230,246,238,62,254,38,150,190
39,271,7,279,47,151,79,167,23,111,183,87,95,175,215,63,159,207,231,15,135,55,119,103,255,127,191,223,239,247,71,263,31,143,199
44,260,12,252,36,124,68,172,100,156,60,116,164,188,84,180,196,236,4,140,28,92,108,276,20,148,212,244,228,220,76,268,52,132,204
54,254,22,262,30,134,62,182,6,94,166,70,110,158,198,78,174,190,246,150,38,102,118,270,14,142,206,238,222,230,86,278,46,126,214
30,22,174,118,126,278,46,86,142,110,70,150,238,102,134,246,190,262,54,158,270,14,78,62,38,166,230,198,214,206,94,6,182,222,254
6,38,14,182,110,134,270,54,78,150,118,62,142,246,94,126,238,198,254,46,166,278,22,86,70,30,158,222,190,206,214,102,174,230,262
10,42,2,154,98,138,258,26,66,122,90,82,130,218,114,146,226,202,274,34,170,250,58,74,50,178,242,210,194,186,106,18,162,234,266
21,53,165,93,149,253,37,61,133,101,77,125,229,109,141,221,213,269,29,181,261,5,69,85,45,173,237,205,189,197,117,13,157,245,277
219,187,243,75,147,91,203,179,107,139,259,163,115,11,131,99,19,27,211,59,235,171,275,155,267,195,67,3,35,51,43,123,251,227,83
230,198,238,86,142,102,214,174,118,150,254,158,110,22,126,94,14,38,206,70,246,182,270,166,278,190,62,30,46,54,134,262,222,78,6
235,203,227,59,131,107,187,163,91,123,275,179,99,147,115,3,43,195,75,219,155,259,171,251,211,83,19,51,35,27,139,267,243,67,11
247,215,223,71,127,119,199,159,103,135,271,175,95,7,143,111,55,191,87,231,167,255,183,263,207,79,15,47,31,39,151,279,239,63,23
185,265,217,249,209,105,177,57,233,257,145,73,169,129,81,41,161,65,49,241,89,201,273,137,121,225,97,33,1,17,9,153,193,113,25
196,276,228,260,204,116,172,68,244,252,140,84,180,124,76,52,156,60,44,4,236,100,212,268,148,132,220,92,28,12,20,164,188,108,36
207,255,239,271,199,95,167,79,223,279,135,63,159,151,71,31,183,87,39,15,231,111,191,263,127,143,247,119,55,23,7,175,215,103,47
212,260,244,276,188,100,156,84,228,268,124,68,164,140,60,36,172,76,28,20,220,116,196,252,132,148,236,108,44,12,4,180,204,92,52
153,121,177,9,209,25,137,241,41,201,225,49,73,257,193,33,81,89,265,145,169,233,217,129,1,65,97,113,105,273,185,161,17,57,249
160,128,168,16,200,32,144,232,48,208,216,40,80,248,184,24,72,96,272,136,0,176,240,224,120,56,88,104,112,264,192,152,8,64,256
172,140,164,196,44,124,228,28,188,244,36,60,276,212,52,68,108,252,132,12,156,220,236,148,20,84,116,100,92,260,204,180,4,76,268
179,147,155,3,187,51,131,219,35,195,235,27,67,267,203,43,59,115,259,123,19,163,227,243,139,11,75,107,91,99,251,211,171,83,275
120,152,144,40,256,240,264,168,208,8,272,232,192,16,104,224,0,112,56,176,24,248,136,200,184,160,32,96,64,80,72,216,128,48,88
129,161,137,49,249,233,1,273,177,201,17,265,241,185,9,113,217,105,65,169,33,257,145,209,193,153,25,89,57,73,81,225,121,41,97
136,168,128,24,272,224,8,248,152,192,256,216,208,0,88,240,16,96,72,160,40,264,120,184,200,176,48,112,80,64,56,232,144,32,104
149,181,125,37,269,221,21,261,165,189,5,253,229,205,101,237,13,93,85,157,53,277,133,197,213,173,45,109,77,61,69,245,141,29,117
18,154,74,34,194,234,114,266,130,218,106,50,138,66,202,98,210,178,146,170,82,162,226,242,274,258,250,122,58,26,10,2,186,90,42
12,164,84,28,188,244,108,276,124,228,116,44,148,60,212,92,204,172,140,180,76,156,220,236,268,252,260,132,68,36,20,4,196,100,52
7,175,63,55,215,223,103,255,151,239,95,39,127,87,191,119,199,167,135,159,71,183,247,231,263,279,271,143,79,47,15,23,207,111,31
16,176,64,40,200,224,88,256,136,240,96,24,128,72,192,104,184,152,120,160,56,168,232,216,248,264,272,144,80,48,0,8,208,112,32
52,124,108,4,228,204,84,260,164,188,76,20,252,172,100,236,68,244,148,268,180,140,116,132,196,212,276,156,92,28,44,36,220,60,12
40,128,112,32,216,208,72,248,152,192,80,8,256,176,88,240,56,232,136,272,168,144,104,120,184,200,264,160,96,0,48,24,224,64,16
37,141,93,21,245,189,69,277,181,205,61,5,269,157,117,221,85,229,133,253,165,125,101,149,213,197,261,173,109,13,29,53,237,77,45
27,147,99,11,235,195,59,267,171,211,67,51,275,163,107,227,75,219,123,259,155,131,91,139,203,187,251,179,115,19,35,43,243,83,3
87,255,223,15,103,135,175,55,279,199,159,47,119,263,207,7,143,39,151,247,215,239,23,271,231,167,183,191,63,95,79,71,127,31,111
75,259,227,19,91,123,179,43,267,187,163,51,107,251,211,67,147,27,139,235,203,243,11,275,219,155,171,195,3,99,83,59,131,35,115
66,266,234,74,114,146,154,34,258,210,170,26,98,274,186,18,122,50,130,226,194,218,2,250,242,178,162,202,10,106,58,82,138,42,90
59,275,243,3,107,139,163,27,251,203,179,35,91,267,195,11,131,43,123,219,187,227,83,259,235,171,155,211,19,115,67,75,147,51,99
113,185,41,65,161,137,17,225,121,9,81,233,33,169,1,177,265,209,257,241,249,201,49,193,129,145,273,217,25,57,105,97,153,89,73
107,195,51,59,155,147,11,219,131,19,75,243,27,179,99,171,275,203,251,235,259,211,43,187,123,139,267,227,35,67,115,91,163,3,83
97,201,25,81,177,121,1,241,137,105,65,217,49,153,17,161,249,193,273,225,265,185,33,209,145,129,257,233,41,73,89,113,169,9,57
93,213,37,77,173,133,117,237,149,5,61,229,45,165,13,157,261,189,269,221,277,197,29,205,141,125,253,245,53,85,101,109,181,21,69
144,256,24,200,160,264,64,104,240,0,88,232,176,272,8,192,72,224,80,48,16,40,208,32,96,112,120,184,152,136,128,248,56,216,168
141,253,37,213,157,277,61,117,237,133,101,245,173,269,21,189,85,221,77,45,13,53,205,29,93,109,5,197,165,149,125,261,69,229,181
128,272,40,184,176,248,80,88,224,16,104,216,160,256,136,208,56,240,64,32,0,24,192,48,112,96,8,200,168,120,144,264,72,232,152
123,267,51,195,171,259,75,99,219,11,115,227,155,251,3,203,67,235,59,27,147,35,187,43,107,91,19,211,179,131,139,275,83,243,163
182,158,238,134,102,78,214,278,38,62,206,150,46,230,254,110,198,270,118,22,54,14,246,262,6,70,86,30,222,126,174,166,94,190,142
171,3,243,123,91,83,203,267,27,67,211,139,51,219,259,115,187,275,107,11,43,19,235,251,163,59,75,35,227,131,179,155,99,195,147
161,9,217,145,113,57,193,257,49,73,185,129,25,241,265,89,209,249,97,1,33,169,225,273,17,81,65,41,233,137,153,177,105,201,121
159,23,231,143,111,71,191,255,47,87,199,127,39,239,279,103,207,263,95,183,31,7,223,271,15,79,63,55,247,151,167,175,119,215,135
214,94,142,230,6,46,182,70,254,30,174,246,78,134,14,166,22,118,278,86,262,110,150,102,270,38,54,62,126,222,206,198,190,158,238
206,102,150,222,198,54,174,62,262,38,182,238,86,126,22,158,14,110,270,78,254,118,142,94,278,30,46,70,134,230,214,190,6,166,246
193,105,121,241,17,25,161,81,265,41,153,225,57,145,201,177,1,97,257,65,273,89,129,113,249,49,33,73,137,233,185,209,9,169,217
187,115,131,235,11,35,155,75,275,51,163,219,67,139,3,171,211,91,251,59,267,99,123,107,259,43,27,83,147,243,195,203,19,179,227
245,61,173,197,37,253,13,149,101,221,141,213,109,165,45,133,53,261,85,117,77,181,69,5,269,21,277,93,157,189,237,229,29,125,205
232,64,176,184,24,256,16,136,88,0,144,200,112,152,48,120,40,248,72,104,80,168,56,224,272,8,264,96,160,192,240,216,32,128,208
224,72,152,208,48,264,232,128,112,8,120,192,88,176,24,144,32,272,64,96,56,160,80,16,248,0,256,104,168,200,216,240,40,136,184
218,82,162,202,42,274,2,122,106,18,130,186,98,170,34,138,26,266,58,90,66,154,74,10,258,242,250,114,178,210,226,234,50,146,194
272,128,56,136,216,176,80,32,8,184,144,64,24,152,168,224,104,208,96,40,192,88,160,72,200,232,240,112,48,16,0,248,264,256,120
269,125,69,149,229,173,77,29,21,197,141,61,37,165,181,221,117,205,93,53,189,101,157,85,213,245,237,109,45,13,261,5,277,253,133
257,145,73,121,233,161,65,49,265,201,129,81,41,169,153,241,89,193,113,25,209,105,177,57,185,217,225,97,33,1,17,9,249,273,137
253,141,85,133,245,157,61,45,5,213,125,77,53,181,165,237,101,189,109,37,205,117,173,69,197,229,221,93,29,277,13,21,261,269,149
163,91,259,171,187,147,115,3,43,219,275,179,99,123,139,195,75,243,67,11,227,59,131,107,235,203,211,83,19,51,35,27,251,155,267
159,103,255,183,199,143,111,55,231,271,175,95,7,135,151,191,87,239,63,23,223,71,127,119,247,215,207,79,15,47,31,39,263,167,279
183,111,279,159,207,135,103,23,31,239,263,167,119,15,143,127,215,63,231,87,247,79,151,95,223,191,199,71,7,39,55,47,271,175,255
171,115,267,163,211,123,91,11,35,243,251,155,107,19,147,131,203,67,219,75,3,235,83,139,99,227,195,187,59,27,43,51,275,179,259
193,265,201,153,241,17,97,73,121,209,1,89,257,217,233,161,41,145,33,105,129,25,273,225,9,137,169,177,49,113,81,65,57,249,185
187,3,275,211,163,235,11,91,83,131,203,99,251,227,243,155,51,139,27,115,123,35,267,219,19,147,179,171,43,107,75,59,67,259,195
209,9,249,185,169,225,1,113,57,137,193,17,105,273,233,217,177,25,129,49,89,145,41,257,241,121,153,161,33,97,65,81,73,265,201
205,21,261,197,181,221,109,69,149,189,13,117,269,245,229,173,37,125,45,101,141,53,253,237,5,133,165,157,29,93,61,77,85,277,213
230,30,238,126,278,214,54,70,110,158,270,246,38,62,190,262,206,134,14,182,6,78,166,198,46,174,142,150,22,86,118,102,94,222,254
222,38,246,134,270,206,46,62,118,166,278,238,30,70,198,254,214,126,22,174,86,158,6,190,54,182,150,142,14,78,110,94,102,230,262
243,43,219,139,259,195,35,83,91,171,251,227,51,75,203,275,187,147,163,19,59,179,11,211,27,155,123,131,3,67,99,115,107,235,267
235,51,227,147,251,187,27,75,99,179,259,219,43,83,211,267,195,139,3,155,11,67,171,19,203,35,163,131,123,59,91,107,115,243,275
0,184,8,88,48,208,160,136,256,56,16,192,152,264,24,40,96,232,80,224,168,272,64,216,32,200,72,104,112,240,176,144,128,120,248
193,17,97,41,201,153,145,249,65,9,185,161,273,33,49,89,241,73,217,177,265,57,225,25,209,81,113,105,233,169,137,121,129,257,1
16,200,104,32,192,176,120,272,72,0,208,168,248,40,24,112,216,64,240,152,256,80,232,48,184,56,88,96,224,160,128,144,136,264,8
14,214,6,118,30,190,174,134,270,86,206,182,262,54,38,110,230,62,238,166,254,78,246,46,198,70,102,94,222,158,126,142,150,278,22
36,220,252,44,60,20,244,132,172,92,52,228,124,12,68,204,276,116,196,140,100,188,268,4,236,260,108,76,84,212,148,180,164,156,28
27,227,259,51,67,11,235,123,179,99,43,219,131,3,19,59,211,267,107,187,147,91,195,275,243,251,115,83,75,203,139,171,155,163,35
51,235,267,27,75,3,227,147,155,107,35,243,139,11,83,187,259,99,211,123,115,203,251,19,219,275,91,59,67,195,131,163,179,171,43
43,243,275,35,83,219,139,163,115,27,235,147,19,3,75,195,251,91,203,131,107,211,259,11,227,267,99,67,59,187,123,155,171,179,51
66,122,74,258,26,114,146,226,202,82,130,218,90,266,106,274,34,170,18,162,234,2,154,98,138,10,42,50,178,242,210,194,186,58,250
59,131,83,251,35,107,139,219,211,3,75,123,227,99,275,115,267,27,179,11,155,243,163,91,147,19,51,43,171,235,203,187,195,67,259
85,141,61,277,45,101,133,245,189,13,69,149,237,109,253,93,261,53,157,5,181,221,21,173,117,125,29,37,165,229,197,213,205,77,269
76,148,68,268,52,92,124,236,196,20,60,140,244,116,260,100,252,44,164,172,228,12,180,108,132,4,36,28,156,220,188,204,212,84,276
96,152,104,264,80,176,192,232,24,248,112,160,184,56,72,0,136,48,128,200,32,120,64,168,40,256,8,272,16,144,208,240,224,216,88
94,166,118,6,278,78,174,190,246,38,262,110,158,198,70,86,150,46,126,214,30,134,62,182,54,254,22,270,14,142,206,238,222,230,102
117,173,93,13,253,69,165,213,221,45,269,101,181,205,77,61,21,125,37,149,189,53,141,85,157,29,277,261,5,133,197,229,245,237,109
104,176,96,16,256,56,152,200,224,48,272,88,168,208,80,64,8,128,24,136,192,40,144,72,160,32,264,0,248,120,184,216,232,240,112
21,197,173,85,213,245,237,117,205,101,253,125,61,29,13,5,165,141,69,157,77,37,149,229,261,277,269,133,181,221,109,53,189,93,45
11,187,179,75,203,235,243,107,211,91,259,131,67,35,19,3,155,147,59,163,83,27,139,219,251,267,275,123,171,227,115,43,195,99,51
1,209,153,65,193,225,217,97,185,113,265,137,73,41,9,17,177,121,81,169,57,49,129,241,273,257,249,145,161,233,89,33,201,105,25
16,200,160,56,184,216,224,88,192,104,272,144,80,48,0,8,168,128,72,176,64,40,120,232,264,248,256,136,152,240,96,24,208,112,32
51,227,139,115,243,211,203,83,235,67,275,155,91,27,43,35,131,251,171,99,123,107,3,267,179,195,259,163,147,187,75,19,219,59,11
41,217,145,105,233,201,209,73,241,57,265,161,97,1,49,25,121,257,177,89,129,113,33,273,169,185,249,153,137,193,81,9,225,65,17
34,242,122,98,226,194,186,66,218,82,258,170,106,10,26,50,146,266,154,114,138,90,18,250,162,210,274,178,130,202,58,2,234,74,42
27,235,131,91,219,187,195,59,227,75,251,179,115,19,35,43,139,275,163,107,147,99,11,259,155,203,267,171,123,211,67,51,243,83,3
84,132,236,20,148,180,172,52,140,36,260,188,60,92,76,68,268,228,204,4,252,220,12,100,276,212,164,196,244,156,44,116,124,28,108
72,120,240,8,136,168,176,40,144,24,248,192,0,96,80,56,272,216,208,64,256,224,16,88,264,200,152,184,232,160,48,104,128,32,112
65,145,217,1,129,161,153,33,121,49,273,201,9,105,57,81,249,241,185,17,265,233,73,113,257,193,177,209,225,169,25,97,137,41,89
59,139,227,83,123,155,163,27,131,43,267,211,19,115,67,75,259,235,195,11,275,243,3,107,251,187,171,203,219,179,35,91,147,51,99
118,166,254,206,54,182,150,142,22,174,6,222,30,62,110,102,198,278,238,38,190,46,70,246,134,262,230,270,214,126,14,86,158,94,78
111,159,263,215,47,175,143,151,15,183,103,231,39,71,119,95,191,271,247,31,199,55,63,239,127,255,223,279,207,135,23,79,167,7,87
102,182,270,190,38,166,134,126,6,158,22,238,46,78,94,118,214,262,222,54,206,30,86,230,150,278,246,254,198,142,110,70,174,14,62
90,170,274,194,26,154,122,130,114,162,10,242,50,82,98,106,202,250,226,42,210,34,74,218,138,266,234,258,186,146,2,58,178,18,66
146,266,66,42,210,82,114,106,242,74,226,122,186,154,138,130,274,34,10,194,26,202,162,258,18,98,2,50,90,234,178,250,58,218,170
140,276,60,52,204,76,108,116,236,84,220,4,196,164,148,124,268,28,20,188,36,212,156,252,12,92,132,44,100,244,172,260,68,228,180
134,254,86,30,198,70,102,94,230,62,246,14,206,174,126,150,262,54,142,214,46,190,182,278,6,118,22,38,110,222,166,270,78,238,158
121,257,73,33,185,57,89,97,217,65,233,17,209,177,129,137,249,41,1,201,49,193,169,265,145,105,9,25,113,225,153,273,81,241,161
181,101,13,245,269,117,85,77,213,253,109,197,261,29,221,125,173,165,5,45,229,277,157,237,133,53,69,37,21,61,205,149,93,189,141
168,88,16,232,272,104,72,80,200,256,112,184,248,32,224,128,176,152,160,48,216,264,0,240,120,40,56,24,8,64,208,136,96,192,144
167,119,175,231,255,103,71,63,199,271,95,215,279,47,239,143,159,183,23,31,247,263,15,223,151,39,87,55,7,79,191,135,111,207,127
155,107,3,219,259,91,59,67,187,275,99,203,267,51,243,147,163,171,11,35,235,251,19,227,139,27,75,43,179,83,195,123,115,211,131
213,5,109,149,21,53,45,181,13,165,61,125,221,205,197,101,261,77,133,93,141,229,85,269,37,69,277,117,253,29,173,245,189,157,237
203,195,115,139,11,43,51,171,19,155,67,131,227,211,187,91,251,83,123,99,147,219,75,275,27,59,267,107,259,35,179,235,3,163,243
199,23,95,135,7,39,31,167,207,183,79,143,239,191,215,119,279,63,151,111,127,247,71,255,55,87,263,103,271,47,159,231,15,175,223
188,12,100,124,212,28,36,156,4,172,84,148,244,196,204,108,268,68,140,116,132,236,60,260,44,76,252,92,276,52,164,220,20,180,228
244,36,276,76,180,52,268,20,252,12,148,44,132,92,156,188,236,228,68,108,164,60,172,196,116,4,260,100,84,220,140,212,28,124,204
236,28,268,84,172,44,276,12,260,20,140,52,124,100,164,196,244,220,60,116,156,68,180,188,108,228,252,92,76,4,148,204,36,132,212
230,54,262,62,166,38,254,6,270,238,134,30,150,110,174,206,222,246,86,94,182,78,158,214,102,22,278,118,70,14,126,198,46,142,190
221,45,253,69,157,29,261,245,277,5,125,37,141,117,181,213,229,237,77,101,173,85,165,205,93,13,269,109,61,21,133,189,53,149,197
274,138,242,90,170,234,218,154,162,66,50,250,266,258,146,74,194,114,26,178,58,130,82,42,202,226,98,34,2,18,10,210,106,186,122
269,149,237,101,181,245,229,165,157,61,45,5,277,253,141,85,189,109,37,173,69,125,77,53,213,221,93,29,261,13,21,205,117,197,133
263,127,231,111,159,223,239,175,183,87,39,15,255,279,135,63,215,103,47,167,79,151,71,31,191,247,119,55,23,7,271,199,95,207,143
250,130,218,114,162,226,242,178,170,74,26,18,258,266,122,66,202,90,50,154,82,138,58,34,194,234,106,42,10,274,2,186,98,210,146
171,211,59,139,203,187,123,131,99,19,27,251,179,107,227,83,147,91,259,163,115,11,235,195,67,3,35,51,43,243,75,219,275,155,267
176,200,64,144,208,192,128,120,88,8,32,256,168,112,216,72,0,136,96,248,152,104,16,240,184,56,24,40,48,232,80,224,264,160,272
156,196,76,124,188,204,140,148,116,4,44,268,164,92,244,68,12,132,108,276,180,100,220,212,84,20,52,36,28,228,60,236,260,172,252
163,187,83,131,195,211,147,139,107,51,275,155,99,235,59,19,123,115,267,171,91,3,227,203,75,11,43,27,35,219,67,243,251,179,259
207,183,31,279,239,175,159,223,231,7,119,63,255,215,15,135,55,95,263,247,271,199,23,111,143,167,39,103,71,87,79,151,47,127,191
210,170,34,266,242,178,162,226,218,106,66,258,202,18,122,42,98,250,234,2,274,186,10,114,146,154,26,90,58,74,82,138,50,130,194
189,165,45,261,221,157,173,237,245,21,101,77,269,197,149,37,109,277,229,13,253,213,5,93,125,181,53,117,85,69,61,133,29,141,205
192,152,48,248,224,160,176,240,232,8,88,80,272,184,0,136,24,112,264,216,16,256,200,96,128,168,40,104,72,56,64,120,32,144,208
234,146,202,138,122,274,186,258,194,34,82,90,242,42,162,18,58,210,26,226,50,74,170,130,2,66,98,114,106,178,10,154,266,218,250
246,142,6,214,150,134,270,198,254,190,30,78,102,238,54,158,14,70,206,38,222,46,86,182,126,62,94,110,118,174,22,166,278,230,262
222,134,14,190,126,142,262,206,278,214,54,70,110,230,30,182,6,78,198,46,246,38,62,158,150,22,86,118,102,94,166,174,254,238,270
229,125,21,197,133,149,253,213,269,205,45,61,117,221,37,173,85,189,53,237,29,69,165,141,13,77,109,93,101,157,5,181,261,245,277
12,116,220,44,108,92,28,36,196,180,124,252,20,204,68,244,156,268,52,188,4,212,172,276,76,100,228,164,132,148,140,260,84,236,60
16,104,224,48,112,96,32,24,184,168,128,256,8,208,56,232,160,272,40,192,200,176,264,80,88,216,152,120,136,144,248,72,240,64,0
103,239,31,95,111,47,55,215,167,143,271,7,191,87,231,175,255,39,207,23,199,159,263,63,119,247,183,151,135,127,279,71,223,79,15
3,91,243,35,99,115,51,43,203,155,147,275,195,75,219,179,259,27,211,11,187,163,251,67,107,235,171,139,123,131,267,59,227,83,19
41,81,185,265,9,73,57,1,225,145,153,49,233,257,97,209,121,17,217,249,33,241,137,105,65,193,129,161,177,169,113,201,273,89,25
48,72,192,272,16,80,64,0,216,136,160,40,240,248,88,200,128,8,224,256,24,232,144,112,56,184,120,152,168,176,104,208,264,96,32
26,66,202,250,58,74,10,18,242,130,170,34,218,274,114,194,138,2,234,266,50,226,122,90,82,210,146,178,162,154,98,186,258,106,42
32,56,208,256,0,64,80,16,8,232,120,176,24,224,264,104,184,144,240,272,40,216,128,96,72,200,136,168,152,160,88,192,248,112,48
79,263,55,159,111,279,47,31,95,271,103,135,247,191,87,143,7,183,223,119,127,71,151,239,15,39,167,231,199,215,207,23,175,63,255
85,253,45,165,117,269,53,37,101,277,93,125,237,197,77,149,173,229,109,133,61,141,245,21,29,157,221,189,205,213,13,181,5,69,261
58,274,34,170,90,258,26,42,106,250,114,146,226,202,66,122,18,162,234,98,138,82,130,218,50,178,242,210,194,186,2,154,10,74,266
66,266,26,178,98,250,34,50,114,258,106,138,218,210,58,130,10,154,242,90,146,74,122,226,2,42,170,234,202,186,194,162,18,82,274
104,16,120,72,8,272,264,56,64,160,208,216,112,168,32,144,184,80,152,96,176,200,40,256,0,128,192,224,240,232,48,136,24,248,88
115,11,131,83,19,267,3,275,67,59,155,203,227,107,179,27,139,195,75,163,91,171,211,51,251,123,187,219,235,243,43,147,35,259,99
89,1,137,57,257,9,249,73,81,177,193,233,97,153,49,129,201,65,169,113,161,185,25,273,17,145,209,241,225,217,33,121,41,265,105
96,144,64,0,248,16,256,80,72,168,184,240,88,160,40,120,208,56,176,104,152,192,32,264,8,136,200,232,216,224,24,128,48,272,112
18,250,122,58,26,10,2,210,274,138,66,194,226,218,106,50,170,82,258,146,266,130,242,162,234,114,178,154,74,34,202,98,186,90,42
14,262,134,70,38,22,6,206,270,150,62,190,222,230,118,46,182,78,254,142,278,126,238,158,246,110,174,166,86,30,214,94,198,102,54
0,264,136,72,40,8,16,192,256,120,80,208,240,232,88,32,152,64,272,128,248,144,224,176,216,96,160,168,56,48,184,112,200,104,24
22,278,150,86,54,6,14,190,254,134,78,206,238,246,102,30,166,62,270,126,262,142,222,174,230,94,158,182,70,46,198,110,214,118,38
48,152,88,24,40,32,240,272,256,248,168,96,224,192,184,72,16,136,112,264,176,160,208,128,200,80,144,120,104,0,232,64,216,56,8
40,160,96,0,48,24,232,264,248,256,176,88,216,184,192,80,8,144,104,272,168,152,200,120,208,72,136,128,112,32,240,56,224,64,16
32,168,104,8,24,48,224,256,272,264,152,112,240,208,200,56,0,120,96,248,160,176,192,144,184,64,128,136,88,16,216,80,232,72,40
25,177,113,17,33,41,217,249,265,273,161,105,233,201,209,65,49,129,89,257,153,169,185,137,193,57,121,145,97,9,225,73,241,81,1
84,188,60,92,76,68,148,276,204,4,132,164,156,44,116,236,20,212,260,196,180,268,228,172,52,244,252,220,12,100,140,36,124,28,108
79,199,7,103,87,63,143,271,215,71,127,159,167,55,111,247,15,207,255,191,175,279,223,183,47,239,263,231,23,95,151,31,135,39,119
69,205,13,109,61,85,133,261,189,21,149,181,173,29,101,221,5,197,277,213,165,253,245,157,37,229,269,237,77,117,125,53,141,45,93
61,213,21,117,69,77,125,253,197,13,141,173,181,37,93,229,85,189,269,205,157,261,237,165,29,221,277,245,5,109,133,45,149,53,101
118,262,222,30,62,110,102,182,238,38,166,134,126,14,86,254,206,54,278,246,230,150,198,142,22,270,214,190,46,70,174,6,158,94,78
110,254,230,38,70,118,94,174,246,30,158,126,134,22,78,262,214,46,270,238,222,142,190,150,14,278,206,198,54,62,182,102,166,6,86
96,272,232,40,72,88,112,160,216,48,176,144,136,104,64,264,184,32,256,224,240,128,208,120,0,248,192,200,24,80,152,16,168,8,56
94,270,246,54,86,102,110,158,230,46,174,142,150,6,62,278,198,30,254,222,238,126,206,134,118,262,190,214,38,78,166,14,182,22,70
147,123,187,155,139,131,83,11,195,267,67,99,91,235,179,43,211,275,19,3,115,35,107,243,259,51,27,203,163,75,227,251,59,219,171
139,3,195,163,147,123,75,19,187,275,59,91,99,243,171,51,203,267,11,131,107,27,115,235,251,43,35,211,155,83,219,259,67,227,179
133,13,205,173,125,149,69,141,213,253,85,117,109,221,165,29,197,261,5,21,101,53,93,229,277,37,45,189,181,61,245,269,77,237,157
120,16,208,176,128,136,56,0,200,256,72,104,112,224,152,32,184,248,144,8,88,40,96,216,264,24,48,192,168,64,232,272,80,240,160
178,274,26,218,122,170,162,266,114,42,226,98,66,58,202,146,258,10,242,50,34,82,2,74,210,18,154,234,130,250,106,194,90,186,138
169,265,33,225,129,177,153,273,105,49,217,89,57,65,209,137,249,17,233,41,25,73,161,81,201,9,1,241,121,257,113,185,97,193,145
165,261,45,237,141,157,181,253,101,29,245,117,85,77,189,133,277,173,229,37,53,69,21,61,197,5,13,221,149,269,93,213,109,205,125
159,255,55,247,151,167,175,263,95,39,239,111,79,87,199,127,271,7,223,31,47,63,15,71,191,183,23,231,143,279,103,207,119,215,135
215,63,127,223,207,199,23,279,79,135,7,271,39,255,31,175,247,111,151,87,71,55,263,103,47,183,119,95,143,231,15,167,191,159,239
203,67,131,227,211,187,11,267,83,123,195,275,27,259,35,179,235,115,139,75,59,43,251,91,51,171,107,99,147,219,19,155,3,163,243
194,74,138,234,186,210,2,258,58,146,18,250,50,266,42,154,226,90,130,66,82,34,274,114,26,162,98,106,122,242,202,178,10,170,218
186,82,146,242,194,202,210,250,66,138,10,258,42,274,50,162,218,98,122,58,74,26,266,106,34,154,90,114,130,234,2,170,18,178,226
246,94,158,190,238,230,54,110,166,38,6,222,142,214,78,182,118,278,102,270,22,70,254,14,150,86,262,62,174,198,46,134,30,126,206
237,101,165,197,245,221,45,117,157,29,229,5,149,205,85,173,109,269,93,277,13,61,261,21,141,77,253,69,181,189,53,125,37,133,213
225,105,169,201,217,241,33,89,177,49,17,9,121,193,57,161,97,257,113,249,1,81,265,233,129,65,273,73,153,209,25,145,41,137,185
217,113,177,209,225,233,25,97,169,41,9,17,129,185,65,153,89,249,105,257,241,73,273,1,121,57,265,81,161,201,33,137,49,145,193
278,182,102,254,270,262,174,214,86,22,54,38,30,142,206,190,166,94,150,118,6,46,246,70,14,238,198,78,222,134,110,230,62,158,126
266,170,90,2,274,250,178,202,74,10,42,26,34,146,210,194,154,98,138,106,258,50,234,58,18,242,186,82,226,122,114,218,66,162,130
262,166,118,14,254,278,158,198,70,6,38,54,46,126,190,206,182,110,134,102,22,30,230,86,270,222,214,62,238,150,94,246,78,174,142
249,153,105,17,257,265,161,185,57,273,25,41,49,129,193,209,169,113,121,89,9,33,217,73,1,225,201,65,241,137,97,233,81,177,145
145,65,25,249,137,241,113,49,17,1,169,233,217,273,129,57,177,81,33,9,209,97,41,201,225,105,185,161,73,193,89,257,121,153,265
142,62,38,262,150,238,110,46,14,6,182,246,230,270,126,70,174,78,30,22,206,94,54,214,222,118,198,158,86,190,102,254,134,166,278
128,80,40,264,120,224,96,32,0,16,8,152,216,232,256,144,72,160,64,48,192,112,24,184,240,88,200,176,56,208,104,272,136,168,248
123,75,51,275,131,219,91,27,11,19,163,227,243,251,139,83,155,59,43,3,187,107,35,195,235,99,211,171,67,203,115,267,147,179,259
241,33,57,249,233,145,17,81,113,97,89,257,201,137,121,225,25,273,209,49,65,105,177,1,73,169,129,9,153,193,41,161,265,217,185
239,31,71,263,247,143,15,79,111,95,103,255,215,151,135,223,39,271,207,47,63,119,175,87,183,127,23,167,191,55,159,7,279,231,199
225,49,73,265,217,129,1,65,97,113,105,273,185,121,137,241,41,257,193,33,81,89,161,17,57,153,145,169,209,25,177,9,249,233,201
222,46,86,278,230,126,62,94,110,118,270,198,134,150,238,54,254,190,30,78,102,158,14,70,166,142,6,182,206,38,174,22,262,246,214
209,1,89,201,177,49,113,81,65,57,233,169,153,265,193,241,17,97,73,145,33,105,137,161,41,121,273,225,9,129,25,185,257,217,249
200,96,208,168,40,104,72,56,64,240,176,160,272,184,0,232,8,88,80,136,24,112,144,152,48,128,264,216,16,120,32,192,248,224,256
196,20,108,188,164,36,100,68,84,76,220,156,172,252,212,12,228,4,116,60,132,52,92,124,180,28,140,260,244,148,44,204,276,236,268
191,15,119,199,159,31,95,63,79,87,231,167,183,263,207,23,223,111,71,127,47,103,135,175,39,151,255,239,7,143,55,215,271,247,279
51,227,123,251,43,83,211,147,179,163,155,267,11,75,59,35,219,19,243,131,171,275,115,195,139,259,107,67,203,91,3,235,99,187,27
42,218,130,258,50,74,202,138,170,154,162,274,18,82,66,26,226,10,234,122,178,266,106,186,146,250,114,58,210,98,242,90,194,34,2
36,244,140,268,28,68,196,132,164,180,172,252,60,76,52,236,4,228,148,156,260,100,212,124,276,92,84,188,108,20,220,116,204,44,12
24,232,144,272,32,56,184,120,152,168,176,256,0,64,80,40,240,216,136,160,248,88,200,128,264,96,72,192,112,8,224,104,208,48,16
16,192,152,8,112,240,176,144,128,120,40,104,88,0,184,264,48,208,160,136,80,224,168,72,96,232,256,56,32,200,272,64,216,248,24
11,187,163,19,107,235,171,139,123,131,51,115,99,195,275,43,203,155,147,75,219,179,83,91,243,251,67,27,211,267,59,227,259,3,35
1,209,169,97,225,161,129,145,137,25,89,105,17,201,249,33,193,177,121,65,241,153,57,113,217,273,73,49,185,257,81,233,265,9,41
203,179,3,91,219,155,123,139,147,35,99,115,11,211,259,27,187,171,131,59,235,163,67,107,227,267,83,43,195,251,75,243,275,19,51
113,161,185,105,273,17,145,209,241,225,217,73,257,9,97,153,81,177,193,233,49,129,201,41,1,137,25,65,169,33,121,89,265,57,249
105,153,193,113,265,9,137,201,233,217,225,81,249,17,1,89,161,73,169,185,241,41,121,209,49,145,33,57,177,25,129,97,273,65,257
103,183,207,95,263,7,135,199,231,247,239,63,279,15,119,175,71,167,215,223,39,151,191,31,23,127,47,87,159,55,143,111,255,79,271
92,172,212,100,252,124,188,220,236,244,68,268,4,20,108,180,60,156,204,228,28,140,196,36,12,132,52,76,164,44,148,116,260,84,276
81,129,217,73,49,177,241,209,193,185,105,41,257,25,249,65,121,113,145,225,201,17,161,233,9,273,33,169,265,97,137,1,153,57,89
76,124,228,84,44,172,236,204,188,196,116,52,252,36,260,60,132,108,140,220,212,12,156,244,20,268,28,180,4,276,92,148,164,68,100
67,147,235,59,35,163,227,195,211,203,91,27,275,43,267,83,139,99,131,243,187,3,179,219,259,51,155,11,251,115,123,19,171,75,107
57,137,241,65,25,153,217,185,201,209,97,33,265,49,273,73,145,89,121,233,193,169,225,1,249,41,161,17,257,105,129,9,177,81,113
22,222,110,54,230,270,134,262,182,198,278,158,78,38,142,70,166,254,126,62,30,14,6,174,86,238,118,246,214,206,102,150,190,94,46
8,224,112,40,216,272,120,248,168,184,264,160,80,24,144,56,152,256,128,64,32,16,0,176,72,240,104,232,200,208,88,136,192,96,48
2,234,90,34,242,250,146,274,162,210,258,170,58,50,122,82,178,266,138,74,42,10,18,154,66,218,98,226,194,186,114,130,202,106,26
19,243,99,27,235,259,139,267,155,203,251,179,67,43,131,75,171,275,147,83,51,3,11,163,59,227,91,219,187,195,107,123,211,115,35
49,185,73,17,193,161,145,225,121,105,1,249,169,97,273,129,153,89,25,41,33,257,137,113,201,81,209,241,233,65,265,177,217,57,9
41,193,81,9,185,153,137,217,129,113,33,257,177,89,265,121,161,97,1,49,25,249,145,105,209,73,201,233,241,57,273,169,225,65,17
38,206,62,6,214,182,134,246,142,94,22,270,158,118,262,150,174,110,14,30,54,278,126,102,190,70,198,230,222,86,254,166,238,78,46
25,209,65,49,201,169,121,233,145,97,9,273,161,105,249,137,177,113,17,33,41,265,129,89,193,57,185,217,225,73,257,153,241,81,1
81,153,41,113,161,193,257,241,129,249,217,9,97,201,1,265,225,185,57,89,73,65,273,233,17,169,49,177,145,137,33,209,121,25,105
74,162,50,106,154,186,250,234,122,258,226,18,90,210,66,274,218,194,2,98,82,58,266,242,10,178,42,170,138,146,26,202,130,34,114
71,175,31,103,183,215,279,231,151,271,239,79,119,191,23,255,247,207,15,111,63,87,263,223,7,159,39,167,135,127,55,199,143,47,95
61,181,37,93,173,205,269,221,141,277,245,5,109,197,13,261,237,213,21,117,69,77,253,229,85,165,29,157,125,133,45,189,149,53,101
118,126,14,86,134,230,262,278,270,214,166,190,46,70,238,38,198,222,30,62,110,102,254,206,54,142,22,150,182,174,6,246,158,94,78
104,128,16,72,120,216,248,264,272,200,152,192,48,56,240,24,184,224,32,64,112,88,256,208,40,144,8,136,168,176,96,232,160,0,80
99,139,107,67,147,243,275,259,251,195,179,203,27,83,219,51,211,235,43,75,91,115,267,187,35,123,3,131,163,155,19,227,171,11,59
92,148,4,60,140,236,268,252,260,188,172,212,36,76,228,44,204,244,52,84,100,108,276,196,28,132,116,124,156,164,12,220,180,20,68
151,95,239,183,103,7,263,55,271,71,31,207,167,15,199,39,279,127,191,159,143,135,47,215,111,247,119,87,79,231,23,255,63,223,175
138,98,242,170,90,130,250,42,274,58,34,210,154,18,186,26,266,2,194,162,146,122,50,202,114,234,106,74,82,218,10,258,66,226,178
130,106,218,162,114,18,274,34,250,82,42,186,178,138,210,50,258,10,202,170,122,146,26,194,90,226,98,66,58,242,2,266,74,234,154
120,112,224,152,104,8,264,24,256,72,48,192,168,0,200,40,248,16,208,176,128,136,32,184,96,216,88,56,64,232,144,272,80,240,160
178,58,202,146,66,274,34,18,98,258,154,234,130,42,226,2,26,218,122,170,162,10,242,74,210,82,266,114,250,106,194,50,90,186,138
174,70,214,142,62,270,30,14,94,254,6,246,126,54,222,166,38,230,134,182,158,22,238,86,206,78,278,110,262,118,190,46,102,198,150
166,78,190,134,86,262,54,6,118,278,14,222,150,30,246,22,46,238,142,158,182,174,230,62,198,70,254,102,270,94,214,38,110,206,126
154,82,194,122,74,250,42,178,106,266,18,226,138,34,234,10,50,242,146,162,170,2,218,66,186,58,258,90,274,98,202,26,114,210,130
215,255,31,175,247,271,39,71,119,7,95,143,231,279,79,135,103,63,127,223,207,199,263,111,151,47,183,55,23,15,167,87,191,159,239
207,263,39,183,239,279,31,63,111,199,103,151,223,271,87,127,95,71,135,231,215,191,255,119,143,55,175,47,15,23,159,79,7,167,247
196,268,44,156,228,252,52,84,100,20,108,124,244,260,60,148,116,76,140,236,188,212,276,92,132,28,164,36,4,204,180,68,12,172,220
189,277,53,165,221,261,45,77,93,13,117,133,237,253,69,141,109,85,149,245,197,205,269,101,125,37,157,29,213,5,173,61,21,181,229
244,220,140,212,4,100,84,36,60,172,196,108,164,260,68,92,156,188,236,228,76,180,252,12,148,268,20,52,44,132,276,116,28,124,204
232,0,144,200,224,88,72,24,64,176,184,112,152,248,56,96,160,192,240,216,80,168,256,16,136,272,8,40,48,120,264,104,32,128,208
230,14,126,198,22,118,70,54,78,158,214,94,182,278,86,110,174,206,222,246,62,166,270,238,134,254,6,38,30,150,262,102,46,142,190
220,20,132,188,12,108,60,44,84,164,204,100,172,268,76,116,180,212,228,236,68,156,276,4,124,260,244,28,36,140,252,92,52,148,196
274,186,202,178,10,130,2,66,98,114,106,138,162,18,58,210,26,226,50,74,146,250,266,258,194,34,82,90,218,234,170,154,242,42,122
266,194,210,170,18,122,258,58,90,106,114,146,154,10,66,202,34,218,42,82,138,2,274,250,186,26,74,98,226,242,178,162,234,50,130
259,203,187,163,267,147,19,83,115,99,91,123,179,3,75,195,43,243,35,59,131,11,251,275,211,51,67,107,235,219,155,171,227,27,139
250,210,194,154,2,138,10,74,106,90,98,130,170,274,82,186,50,234,26,66,122,18,258,266,202,42,58,114,242,226,162,178,218,34,146
223,279,239,151,47,167,39,103,71,87,79,175,135,55,95,263,247,199,23,111,183,31,255,231,7,119,63,191,207,143,127,215,15,159,271
229,269,245,141,53,157,29,93,61,77,85,181,125,45,101,253,237,5,189,13,117,173,37,261,221,109,69,197,213,149,133,205,21,165,277
234,258,218,130,26,178,50,114,82,66,58,154,146,34,106,274,226,10,210,2,90,162,42,266,242,18,98,74,202,186,122,138,194,170,250
244,252,228,124,36,172,44,108,76,60,68,164,140,28,116,268,220,20,204,100,156,52,276,236,12,92,84,212,196,132,148,188,4,180,260
125,141,245,77,197,69,5,37,53,45,205,229,85,269,149,93,261,165,117,13,213,61,253,133,101,21,29,277,157,173,237,221,181,109,189
131,147,235,83,187,59,27,43,51,211,219,75,3,275,139,99,251,155,107,19,203,67,259,123,91,11,35,267,163,179,243,227,171,115,195
137,121,225,57,209,81,17,49,33,25,185,241,65,9,249,129,105,273,177,97,193,73,265,145,113,1,41,257,169,153,217,233,161,89,201
151,135,223,71,207,79,15,47,31,39,199,239,63,23,263,127,119,271,175,95,7,191,87,279,143,111,55,255,183,167,231,247,159,103,215
152,264,168,208,104,224,96,32,0,16,8,232,192,112,24,176,56,128,80,40,240,88,160,64,48,120,272,136,200,184,256,144,72,216,248
165,277,181,205,117,221,93,29,13,21,245,189,109,37,173,69,125,77,53,237,101,157,61,45,5,133,269,149,213,197,253,141,85,229,261
171,251,155,195,91,243,115,51,19,3,219,211,99,43,163,75,147,67,27,227,107,179,83,35,11,139,259,123,187,203,275,131,59,235,267
178,258,162,186,98,234,106,42,10,2,226,202,90,50,154,82,138,58,34,218,114,170,74,26,18,146,250,130,194,210,266,122,66,242,274
58,74,50,138,258,2,130,194,226,242,234,10,34,146,186,82,154,266,98,178,202,18,122,250,66,162,210,218,90,106,42,26,114,170,274
68,84,44,148,252,124,188,220,236,244,20,28,140,196,76,164,276,92,172,212,12,132,260,60,156,204,228,100,116,52,36,108,180,268,4
79,63,39,127,279,23,151,215,247,231,223,55,135,207,71,175,255,119,167,191,7,143,271,87,183,199,239,111,95,31,47,103,159,263,15
83,67,27,131,267,11,139,203,235,219,227,3,43,123,211,59,179,259,107,155,195,147,275,75,171,187,243,115,99,35,51,91,163,251,19
91,107,19,171,35,163,227,195,211,203,275,43,3,179,219,251,115,123,67,147,235,259,51,155,99,131,243,187,267,59,75,11,83,139,27
98,114,10,178,26,154,218,186,202,210,266,50,170,226,258,106,130,58,138,242,250,42,162,90,122,234,194,274,66,82,18,2,74,146,34
111,95,7,159,55,183,247,215,199,191,263,31,23,167,239,271,103,143,87,135,223,279,39,175,119,151,231,207,255,79,63,15,71,127,47
112,96,160,40,168,232,200,184,192,248,32,8,152,240,272,88,144,72,120,224,264,24,176,104,136,216,208,256,80,64,0,16,56,128,48
13,117,205,69,197,133,165,181,173,77,261,101,213,125,21,221,37,245,141,85,189,5,229,149,157,29,45,109,277,93,269,53,237,61,253
5,21,109,213,61,189,125,157,173,181,85,253,93,205,133,13,229,29,237,149,77,197,221,141,165,37,53,117,269,101,277,45,245,69,261
11,99,187,83,211,147,179,163,155,59,275,115,195,139,3,235,51,227,123,67,203,19,243,131,171,43,27,91,259,107,251,35,219,75,267
16,0,88,192,72,200,136,168,152,160,64,264,104,184,144,240,40,216,128,56,208,8,232,120,176,48,32,96,248,112,256,24,224,80,272
24,248,40,256,80,232,96,224,160,128,144,136,104,64,240,152,48,184,0,208,168,112,216,32,192,176,120,264,8,272,72,56,16,200,88
37,261,53,253,77,245,93,221,157,125,141,149,117,61,237,165,45,197,205,181,109,229,29,189,173,133,5,277,21,269,85,69,13,213,101
43,267,27,275,67,219,115,243,179,147,131,123,91,83,227,171,35,203,19,195,155,99,235,51,211,163,139,11,251,259,59,75,3,187,107
55,279,39,271,63,231,111,239,175,143,127,135,103,79,223,183,31,215,15,191,167,95,247,47,207,159,151,23,263,7,255,71,87,199,119
